(24
    (582
        (649
            (943
                (242
                    ()
                    ())
                ())
            (231
                ()
                (454
                    (363
                        (388
                            (340
                                (478
                                    ()
                                    (307
                                        ()
                                        ()))
                                ())
                            (710
                                ()
                                ()))
                        (569
                            (481
                                (315
                                    ()
                                    (539
                                        (542
                                            ()
                                            (251
                                                ()
                                                (394
                                                    (327
                                                        ()
                                                        ())
                                                    (703
                                                        ()
                                                        ()))))
                                        ()))
                                (716
                                    (772
                                        ()
                                        (784
                                            ()
                                            ()))
                                    ()))
                            ()))
                    ())))
        (140
            ()
            (533
                (169
                    (752
                        ()
                        (551
                            (915
                                ()
                                ())
                            (618
                                ()
                                ())))
                    (326
                        (155
                            (327
                                (542
                                    (997
                                        (629
                                            ()
                                            ())
                                        ())
                                    (244
                                        ()
                                        ()))
                                ())
                            (180
                                ()
                                ()))
                        ()))
                ())))
    (377
        (397
            (578
                (243
                    (477
                        (879
                            (146
                                (84
                                    ()
                                    ())
                                ())
                            (434
                                (390
                                    (784
                                        (810
                                            ()
                                            ())
                                        (789
                                            ()
                                            ()))
                                    (485
                                        ()
                                        (572
                                            ()
                                            ())))
                                ()))
                        ())
                    (695
                        ()
                        (710
                            ()
                            ())))
                (632
                    ()
                    (921
                        ()
                        (587
                            (601
                                ()
                                (539
                                    (935
                                        ()
                                        ())
                                    (29
                                        (624
                                            ()
                                            ())
                                        ())))
                            (847
                                (706
                                    ()
                                    (611
                                        (57
                                            ()
                                            (277
                                                ()
                                                ()))
                                        (52
                                            ()
                                            (775
                                                ()
                                                (760
                                                    (242
                                                        ()
                                                        ())
                                                    ())))))
                                (385
                                    ()
                                    (427
                                        (352
                                            (509
                                                ()
                                                ())
                                            ())
                                        ())))))))
            (546
                (326
                    (989
                        (43
                            ()
                            (532
                                (10
                                    (221
                                        (761
                                            ()
                                            (386
                                                ()
                                                (416
                                                    ()
                                                    ())))
                                        (131
                                            (995
                                                ()
                                                ())
                                            ()))
                                    ())
                                (486
                                    ()
                                    (554
                                        ()
                                        ()))))
                        ())
                    (715
                        ()
                        (708
                            ()
                            ())))
                ()))
        (907
            (69
                (114
                    (285
                        (230
                            (375
                                ()
                                ())
                            ())
                        (250
                            (740
                                (51
                                    (546
                                        ()
                                        (628
                                            (551
                                                ()
                                                ())
                                            (543
                                                ()
                                                ())))
                                    (491
                                        ()
                                        ()))
                                ())
                            (589
                                (710
                                    ()
                                    (671
                                        ()
                                        ()))
                                ())))
                    ())
                (255
                    ()
                    (282
                        (513
                            ()
                            ())
                        ())))
            (832
                ()
                (349
                    (34
                        ()
                        (983
                            ()
                            ()))
                    (933
                        ()
                        ()))))))
