(151
    ()
    (397
        (18
            (883
                (364
                    (115
                        (831
                            ()
                            (597
                                ()
                                (737
                                    ()
                                    ())))
                        ())
                    (863
                        (50
                            (243
                                ()
                                (169
                                    ()
                                    ()))
                            (893
                                ()
                                ()))
                        (285
                            (520
                                ()
                                (78
                                    ()
                                    ()))
                            ())))
                ())
            (225
                ()
                (83
                    (589
                        (414
                            (700
                                (147
                                    (784
                                        ()
                                        (331
                                            ()
                                            (620
                                                ()
                                                (443
                                                    (435
                                                        (74
                                                            ()
                                                            (807
                                                                ()
                                                                ()))
                                                        ())
                                                    ()))))
                                    (53
                                        ()
                                        (961
                                            (509
                                                ()
                                                (379
                                                    (195
                                                        (336
                                                            ()
                                                            (883
                                                                ()
                                                                (879
                                                                    ()
                                                                    ())))
                                                        ())
                                                    ()))
                                            (834
                                                (208
                                                    ()
                                                    ())
                                                ()))))
                                ())
                            (649
                                ()
                                ()))
                        ())
                    (312
                        ()
                        (374
                            (272
                                (734
                                    ()
                                    ())
                                ())
                            ())))))
        ()))
