(716
    (212
        (748
            ()
            (609
                (417
                    (990
                        (560
                            ()
                            (549
                                ()
                                ()))
                        (581
                            ()
                            (796
                                ()
                                (416
                                    (323
                                        ()
                                        ())
                                    ()))))
                    ())
                ()))
        (599
            (79
                (17
                    (815
                        (893
                            (784
                                (515
                                    ()
                                    (327
                                        ()
                                        (79
                                            ()
                                            (882
                                                ()
                                                (768
                                                    ()
                                                    (790
                                                        ()
                                                        ()))))))
                                ())
                            ())
                        (702
                            (507
                                (706
                                    ()
                                    (949
                                        ()
                                        ()))
                                ())
                            ()))
                    ())
                (122
                    (64
                        (340
                            ()
                            ())
                        (24
                            ()
                            ()))
                    ()))
            (564
                (114
                    (860
                        ()
                        (480
                            (860
                                (849
                                    (552
                                        ()
                                        (431
                                            ()
                                            (274
                                                ()
                                                ())))
                                    ())
                                (672
                                    ()
                                    ()))
                            (602
                                (526
                                    ()
                                    (724
                                        ()
                                        (493
                                            ()
                                            ())))
                                ())))
                    (764
                        (923
                            (620
                                ()
                                (547
                                    ()
                                    (347
                                        ()
                                        (200
                                            (705
                                                (714
                                                    ()
                                                    (263
                                                        ()
                                                        ()))
                                                (110
                                                    ()
                                                    ()))
                                            ()))))
                            (31
                                ()
                                ()))
                        (11
                            ()
                            ())))
                ())))
    (250
        (534
            (586
                (428
                    ()
                    ())
                (343
                    ()
                    (835
                        ()
                        ())))
            (40
                ()
                (566
                    ()
                    ())))
        (969
            ()
            (278
                (256
                    ()
                    ())
                ()))))
